
讯良和装机原数据：（十六进制数）
01 00 17 20 01 00 06 00 17 00 12 00 25 00 17 20 01 00 06 00 17 00 12 00 29 00 17 20 01 00 05 00 13 00 24 00 42 00 00 00 75 00 00 00 48 02 

01 00    模块号（不用管）
17 20 01 00 06 00 17 00 12 00 25 00   	开机时间：20170106171225
17 20 01 00 06 00 17 00 12 00 29 00	停机时间：20170106171229
17 20 01 00 05 00 13 00 24 00 42 00 	故障时间：20170105132442
00 00					故障有无：0（“1”为有故障发生，“0”为无故障发生）
75 00 00 00				生产数量：117
48 02					和校验（不用管）

讯良和装机新数据：（字符串）

	?20170106171225 20170106171229 20170105132442 0 117!



